              precision    recall  f1-score   support

       100.0       0.05      1.00      0.09        35
         0.0       0.00      0.00      0.00       547
        38.2       0.00      0.00      0.00         7
       41.74       0.00      0.00      0.00        10
       50.09       0.00      0.00      0.00         7
       71.47       0.00      0.00      0.00        10
       69.08       0.00      0.00      0.00         7
       56.77       0.00      0.00      0.00         8
       50.08       0.00      0.00      0.00         9
       57.17       0.00      0.00      0.00         7
       54.62       0.00      0.00      0.00         7
       38.97       0.00      0.00      0.00         7
       60.81       0.00      0.00      0.00         7
       55.03       0.00      0.00      0.00         8
       27.11       0.00      0.00      0.00         8
       55.09       0.00      0.00      0.00         7
       50.88       0.00      0.00      0.00         9
       77.72       0.00      0.00      0.00         7
       70.63       0.00      0.00      0.00         9
        46.9       0.00      0.00      0.00         7

    accuracy                           0.05       723
   macro avg       0.00      0.05      0.00       723
weighted avg       0.00      0.05      0.00       723
